3 5 2 0.0 1.0 0 360
100.0 2.580308198928833 1.0 1.0
-0.940958240556637 -0.2365078015296355 -0.24220167081207175
0.2014137876275395 -0.9661877581573772 0.1609773342440876
-0.27208468476206005 0.10269019331183968 0.9567782650726812
128 128 255
1
124 0 140
0.0 0.5 0.0
-0.48836890093835256 -0.8696393455265448 -0.0722718846331566
-0.8561439121222498 0.49351841569682703 -0.15315735406472591
0.16885916715500518 -0.012922154628940327 -0.9855554776812234
10
-7.133333333333333 3.6000000000000014
-5.866666666666667 3.666666666666668
-5.18 2.6146666666666665
-3.633333333333333 0.6000000000000014
-2.4000000000000004 7.399999999999999
3.3000000000000007 7.399999999999999
3.533333333333333 3.799999999999999
4.733333333333334 1.1333333333333329
6.399999999999999 3.133333333333333
9.2 4.2666666666666675
