10 10 4 -7.450580707946131E-10 1.0 0 360
100.0 2.580308198928833 1.0 1.0
-0.5473871013824171 0.6622447345505478 0.5116632415957032
0.5145126370047487 0.7485040997742648 -0.4183519558739153
-0.6600334140045966 0.03425673920831558 -0.7504547742644063
128 128 255
1
124 0 140
0.0 0.5 0.0
0.648350172302467 0.6543244099657229 -0.3892320909153939
0.7594207169722389 -0.5921085921429031 0.2696063607260053
-0.05405764246370283 -0.47039024398211904 -0.8808012202862285
9
0.6333333333333329 -6.8
0.7666666666666657 -3.333333333333334
1.0333333333333332 -1.7333333333333343
1.4333333333333336 -0.1999999999999993
3.1000000000000014 2.666666666666666
4.0 2.133333333333333
2.4000000000000004 -0.8666666666666671
5.300000000000001 -4.333333333333334
6.166666666666668 -6.666666666666667
